[16396.068520] [Project1] 8727 1588162208.003993698 1588162209.055117457
[16398.117549] [Project1] 8728 1588162210.057515331 1588162211.104216716
[16400.166843] [Project1] 8729 1588162212.105246173 1588162213.153581080
[16402.212034] [Project1] 8733 1588162214.149287835 1588162215.198840758
[16404.267039] [Project1] 8737 1588162216.203950692 1588162217.253916401
[16406.311457] [Project1] 8738 1588162218.249676623 1588162219.298403333
[16408.351539] [Project1] 8739 1588162220.294359936 1588162221.338552858
[16410.396199] [Project1] 8742 1588162222.336852176 1588162223.383281275
[16412.441690] [Project1] 8743 1588162224.381691111 1588162225.428840670
[16414.485334] [Project1] 8746 1588162226.426272138 1588162227.472551856
